*************************************************
******************* ORCA 6.0.1 ******************
*************************************************
$Calculation_Status
   &GeometryIndex 1
   &ListStatus       OUT
   &VERSION [&Type "String"] "6.0.1"
   &PROGNAME [&Type "String"] "LeanSCF"
   &STATUS [&Type "String"] "NORMAL TERMINATION"
$End
$Geometry
   &GeometryIndex 1
   &ListStatus       OUT
   &NATOMS [&Type "Integer"] 6
   &NCORELESSECP [&Type "Integer"] 0
   &NGHOSTATOMS [&Type "Integer"] 0
   &CartesianCoordinates [&Type "Coordinates", &Dim(6,4), &Units "Bohr"] 
              C     -3.932801653884    6.344821635055    0.132299726636
              H     -1.910985552928    6.604422762703    0.428854448832
              Br    -5.673315012271    9.721711213767    1.082567410339
              H     -4.707636611945    4.896078212294    1.374934499423
              H     -4.373712555451    5.971944653762   -1.845024662223
              Cl    -1.488102638679    1.624686374460   -1.173652209994
$End
$SCF_Energy
   &GeometryIndex 1
   &ListStatus       OUT
   &SCF_ENERGY [&Type "Double"]      -3.0736359267269368e+03
$End
$DFT_Energy
   &GeometryIndex 1
   &ListStatus       OUT
   &NALPHAEL [&Type "Integer"] 31
   &NBETAEL [&Type "Integer"] 31
   &NTOTALEL [&Type "Integer"] 62
   &EEXCHANGE [&Type "Double"]      -9.8296668499968973e+01
   &ECORR [&Type "Double"]      -3.1650702457191255e+00
   &ECNL [&Type "Double"]       0.0000000000000000e+00
   &EXC [&Type "Double"]      -1.0146173874568809e+02
   &EEMBED [&Type "Double"]       0.0000000000000000e+00
   &FINALEN [&Type "Double"]      -3.0736359267269368e+03  "No Van der Waals correction"
$End
$Mulliken_Population_Analysis
   &GeometryIndex 1
   &ListStatus       OUT
   &NATOMS [&Type "Integer"] 6
   &ATNO [&Type "ArrayOfIntegers", &Dim (6,1)] 
                                                         0

0                                                        6
1                                                        1
2                                                       35
3                                                        1
4                                                        1
5                                                       17
   &ATOMICCHARGES [&Type "ArrayOfDoubles", &Dim (6,1)] 
                                                         0

0                                      2.2844029043437075e-02
1                                      4.6663274066625626e-02
2                                     -3.7386834668931357e-01
3                                      4.6675525196085532e-02
4                                      4.6329905784400993e-02
5                                     -7.8864438740124498e-01
$End
$Loewdin_Population_Analysis
   &GeometryIndex 1
   &ListStatus       OUT
   &NATOMS [&Type "Integer"] 6
   &ATNO [&Type "ArrayOfIntegers", &Dim (6,1)] 
                                                         0

0                                                        6
1                                                        1
2                                                       35
3                                                        1
4                                                        1
5                                                       17
   &ATOMICCHARGES [&Type "ArrayOfDoubles", &Dim (6,1)] 
                                                         0

0                                     -7.2915858374360987e-02
1                                      1.5907158378525077e-02
2                                     -2.0502428907037284e-01
3                                      1.5935949364658697e-02
4                                      1.5966144284617512e-02
5                                     -7.6986910458315094e-01
$End
$Mayer_Population_Analysis
   &GeometryIndex 1
   &ListStatus       OUT
   &NATOMS [&Type "Integer"] 6 "Total number of atoms"
   &BONDTHRESH [&Type "Double"]       1.0000000000000001e-01  "The threshold for printing"
   &NBONDORDERSPRINT [&Type "Integer"] 4 "The number of bond orders larger than threshold"
   &BONDORDERS [&Type "ArrayOfDoubles", &Dim (4,1)] "The bond orders"
                                                         0

0                                      9.7003714139596231e-01
1                                      7.7339455371739352e-01
2                                      9.7006783880063296e-01
3                                      9.7035954120485712e-01
   &COMPONENTS [&Type "ArrayOfIntegers", &Dim (4,4)] "The indices and atomic numbers of the bonding atoms"
                                                         0                           1                           2                           3

0                                                        0                           6                           1                           1
1                                                        0                           6                           2                          35
2                                                        0                           6                           3                           1
3                                                        0                           6                           4                           1
   &ATNO [&Type "ArrayOfIntegers", &Dim (6,1)] "Atomic number of the elements"
                                                         0

0                                                        6
1                                                        1
2                                                       35
3                                                        1
4                                                        1
5                                                       17
   &NA [&Type "ArrayOfDoubles", &Dim (6,1)] "Mulliken gross atomic population"
                                                         0

0                                      5.9771559709565700e+00
1                                      9.5333672593337504e-01
2                                      3.5373868346689278e+01
3                                      9.5332447480391380e-01
4                                      9.5367009421559901e-01
5                                      1.7788644387401249e+01
   &ZA [&Type "ArrayOfDoubles", &Dim (6,1)] "Total nuclear charge"
                                                         0

0                                      6.0000000000000000e+00
1                                      1.0000000000000000e+00
2                                      3.5000000000000000e+01
3                                      1.0000000000000000e+00
4                                      1.0000000000000000e+00
5                                      1.7000000000000000e+01
   &QA [&Type "ArrayOfDoubles", &Dim (6,1)] "Mulliken gross atomic charge"
                                                         0

0                                      2.2844029043429970e-02
1                                      4.6663274066624960e-02
2                                     -3.7386834668927804e-01
3                                      4.6675525196086198e-02
4                                      4.6329905784400993e-02
5                                     -7.8864438740124854e-01
   &VA [&Type "ArrayOfDoubles", &Dim (6,1)] "Mayer's total valence"
                                                         0

0                                      3.7761096626540738e+00
1                                      1.0461804165430453e+00
2                                      8.7544534009414410e-01
3                                      1.0460248004980404e+00
4                                      1.0453747312022936e+00
5                                      3.9663136686846551e-01
   &BVA [&Type "ArrayOfDoubles", &Dim (6,1)] "Mayer's bonded valence"
                                                         0

0                                      3.7761096626540414e+00
1                                      1.0461804165430417e+00
2                                      8.7544534009433461e-01
3                                      1.0460248004980446e+00
4                                      1.0453747312022923e+00
5                                      3.9663136686854339e-01
   &FA [&Type "ArrayOfDoubles", &Dim (6,1)] "Mayer's free valence"
                                                         0

0                                      0.0000000000000000e+00
1                                      0.0000000000000000e+00
2                                      0.0000000000000000e+00
3                                      0.0000000000000000e+00
4                                      0.0000000000000000e+00
5                                      0.0000000000000000e+00
$End
$Calculation_Info
   &GeometryIndex 1
   &ListStatus       OUT
   &MULT [&Type "Integer"] 1
   &CHARGE [&Type "Integer"] -1
   &NUMOFATOMS [&Type "Integer"] 6
   &NUMOFELECTRONS [&Type "Integer"] 62
   &NUMOFFCELECTRONS [&Type "Integer"] 1
   &NUMOFCORRELECTRONS [&Type "Integer"] 0
   &NUMOFBASISFUNCTS [&Type "Integer"] 79
   &NUMOFAUXCBASISFUNCTS [&Type "Integer"] 0
   &NUMOFAUXJBASISFUNCTS [&Type "Integer"] 191
   &NUMOFAUXJKBASISFUNCTS [&Type "Integer"] 0
   &NUMOFCABSBASISFUNCTS [&Type "Integer"] 0
   &TOTALENERGY [&Type "Double"]      -3.0736359267269368e+03  "Hartrees"
$End
$SCF_Dipole_Moment
   &GeometryIndex 1
   &ListStatus       OUT
   &METHOD [&Type "String"] "SCF"
   &LEVEL [&Type "String"] "Relaxed density"
   &MULT [&Type "Integer"] 1
   &STATE [&Type "Integer"] -1
   &IRREP [&Type "Integer"] 0
   &NATOMS [&Type "Integer"] 6
   &DODIPOLEATOM [&Type "Boolean"] false
   &DIPOLEELECCONTRIB [&Type "ArrayOfDoubles", &Dim (3,1)] "Electronic contribution"
                                                         0

0                                     -7.2445640006389596e+00
1                                      1.4033657300244995e+01
2                                      3.9278175620884079e+00
   &DIPOLENUCCONTRIB [&Type "ArrayOfDoubles", &Dim (3,1)] "Nuclear contribution"
                                                         0

0                                      5.5800966190112602e+00
1                                     -1.0815812507882274e+01
2                                     -3.0336200122047141e+00
   &DIPOLETOTAL [&Type "ArrayOfDoubles", &Dim (3,1)] "Total"
                                                         0

0                                     -1.6644673816276994e+00
1                                      3.2178447923627207e+00
2                                      8.9419754988369382e-01
   &DIPOLEMAGNITUDE [&Type "Double", &Units "a.u."]       3.7315634833748241e+00
$End
$THERMOCHEMISTRY_Energies
   &GeometryIndex 1
   &ListStatus       FIRST
   &TEMPERATURE [&Type "Double"]       2.9814999999999998e+02
   &PRESSURE [&Type "Double"]       1.0000000000000000e+00
   &TOTALMASS [&Type "Double"]       1.3038800000000001e+02
   &SPINDEGENERACY [&Type "Integer"] 1
   &ELENERGY [&Type "Double"]      -3.0736359267269368e+03
   &TRANSENERGY [&Type "Double"]       1.4162714244859817e-03
   &ROTENERGY [&Type "Double"]       1.4162714244859817e-03
   &VIBENERGY [&Type "Double"]       2.6702017273674363e-03
   &NUMOFFREQS [&Type "Integer"] 18
   &FREQSCALINGFACTOR [&Type "Double"]       1.0000000000000000e+00
   &FREQ [&Type "ArrayOfDoubles", &Dim (18,1)] "In cm^-1"
                                                         0

0                                      0.0000000000000000e+00
1                                      0.0000000000000000e+00
2                                      0.0000000000000000e+00
3                                      0.0000000000000000e+00
4                                      0.0000000000000000e+00
5                                      0.0000000000000000e+00
6                                      9.8203489565783144e+01
7                                      9.8837345476424304e+01
8                                      1.3743859139458132e+02
9                                      3.5661700678488694e+02
10                                     8.3094110247726792e+02
11                                     8.3103750083287719e+02
12                                     1.1415499020489453e+03
13                                     1.4024942261922463e+03
14                                     1.4026137036705900e+03
15                                     3.1348536438906854e+03
16                                     3.2869051717865327e+03
17                                     3.2871325188596338e+03
   &ZPE [&Type "Double"]       3.6470329452659940e-02
   &INNERENERGYU [&Type "Double"]      -3.0735939536529077e+03
   &ENTHALPYH [&Type "Double"]      -3.0735930094438654e+03
   &QEL [&Type "Double"]       0.0000000000000000e+00
   &QROT [&Type "Double"]       1.2131880967302049e-02
   &QVIB [&Type "Double"]       5.0855108552537564e-03
   &QTRANS [&Type "Double"]       1.9247041860113716e-02
   &ENTROPYS [&Type "Double"]       3.6464433682669523e-02
   &FREEENERGYG [&Type "Double"]      -3.0736294738775482e+03
   &ISLINEAR [&Type "Boolean"] false
$End
$THERMOCHEMISTRY_Energies
   &GeometryIndex 1
   &ListStatus       IN
   &TEMPERATURE [&Type "Double"]       2.9500000000000000e+02
   &PRESSURE [&Type "Double"]       1.0000000000000000e+00
   &TOTALMASS [&Type "Double"]       1.3038800000000001e+02
   &SPINDEGENERACY [&Type "Integer"] 1
   &ELENERGY [&Type "Double"]      -3.0736359267269368e+03
   &TRANSENERGY [&Type "Double"]       1.4013083019398446e-03
   &ROTENERGY [&Type "Double"]       1.4013083019398446e-03
   &VIBENERGY [&Type "Double"]       2.6249846104174240e-03
   &NUMOFFREQS [&Type "Integer"] 18
   &FREQSCALINGFACTOR [&Type "Double"]       1.0000000000000000e+00
   &FREQ [&Type "ArrayOfDoubles", &Dim (18,1)] "In cm^-1"
                                                         0

0                                      0.0000000000000000e+00
1                                      0.0000000000000000e+00
2                                      0.0000000000000000e+00
3                                      0.0000000000000000e+00
4                                      0.0000000000000000e+00
5                                      0.0000000000000000e+00
6                                      9.8203489565783144e+01
7                                      9.8837345476424304e+01
8                                      1.3743859139458132e+02
9                                      3.5661700678488694e+02
10                                     8.3094110247726792e+02
11                                     8.3103750083287719e+02
12                                     1.1415499020489453e+03
13                                     1.4024942261922463e+03
14                                     1.4026137036705900e+03
15                                     3.1348536438906854e+03
16                                     3.2869051717865327e+03
17                                     3.2871325188596338e+03
   &ZPE [&Type "Double"]       3.6470329452659940e-02
   &INNERENERGYU [&Type "Double"]      -3.0735940287962699e+03
   &ENTHALPYH [&Type "Double"]      -3.0735930945629393e+03
   &QEL [&Type "Double"]       0.0000000000000000e+00
   &QROT [&Type "Double"]       1.1988822004770229e-02
   &QVIB [&Type "Double"]       4.9927460778324620e-03
   &QTRANS [&Type "Double"]       1.9018887610309468e-02
   &ENTROPYS [&Type "Double"]       3.6000455692912159e-02
   &FREEENERGYG [&Type "Double"]      -3.0736290950186321e+03
   &ISLINEAR [&Type "Boolean"] false
$End
$THERMOCHEMISTRY_Energies
   &GeometryIndex 1
   &ListStatus       IN
   &TEMPERATURE [&Type "Double"]       3.0000000000000000e+02
   &PRESSURE [&Type "Double"]       1.0000000000000000e+00
   &TOTALMASS [&Type "Double"]       1.3038800000000001e+02
   &SPINDEGENERACY [&Type "Integer"] 1
   &ELENERGY [&Type "Double"]      -3.0736359267269368e+03
   &TRANSENERGY [&Type "Double"]       1.4250592901083167e-03
   &ROTENERGY [&Type "Double"]       1.4250592901083167e-03
   &VIBENERGY [&Type "Double"]       2.6968937391692654e-03
   &NUMOFFREQS [&Type "Integer"] 18
   &FREQSCALINGFACTOR [&Type "Double"]       1.0000000000000000e+00
   &FREQ [&Type "ArrayOfDoubles", &Dim (18,1)] "In cm^-1"
                                                         0

0                                      0.0000000000000000e+00
1                                      0.0000000000000000e+00
2                                      0.0000000000000000e+00
3                                      0.0000000000000000e+00
4                                      0.0000000000000000e+00
5                                      0.0000000000000000e+00
6                                      9.8203489565783144e+01
7                                      9.8837345476424304e+01
8                                      1.3743859139458132e+02
9                                      3.5661700678488694e+02
10                                     8.3094110247726792e+02
11                                     8.3103750083287719e+02
12                                     1.1415499020489453e+03
13                                     1.4024942261922463e+03
14                                     1.4026137036705900e+03
15                                     3.1348536438906854e+03
16                                     3.2869051717865327e+03
17                                     3.2871325188596338e+03
   &ZPE [&Type "Double"]       3.6470329452659940e-02
   &INNERENERGYU [&Type "Double"]      -3.0735939093851653e+03
   &ENTHALPYH [&Type "Double"]      -3.0735929593173714e+03
   &QEL [&Type "Double"]       0.0000000000000000e+00
   &QROT [&Type "Double"]       1.2215973517829144e-02
   &QVIB [&Type "Double"]       5.1403189739760357e-03
   &QTRANS [&Type "Double"]       1.9381160204430700e-02
   &ENTROPYS [&Type "Double"]       3.6737452696235878e-02
   &FREEENERGYG [&Type "Double"]      -3.0736296967700678e+03
   &ISLINEAR [&Type "Boolean"] false
$End
$THERMOCHEMISTRY_Energies
   &GeometryIndex 1
   &ListStatus       IN
   &TEMPERATURE [&Type "Double"]       4.0000000000000000e+02
   &PRESSURE [&Type "Double"]       1.0000000000000000e+00
   &TOTALMASS [&Type "Double"]       1.3038800000000001e+02
   &SPINDEGENERACY [&Type "Integer"] 1
   &ELENERGY [&Type "Double"]      -3.0736359267269368e+03
   &TRANSENERGY [&Type "Double"]       1.9000790534777555e-03
   &ROTENERGY [&Type "Double"]       1.9000790534777555e-03
   &VIBENERGY [&Type "Double"]       4.2856597989930243e-03
   &NUMOFFREQS [&Type "Integer"] 18
   &FREQSCALINGFACTOR [&Type "Double"]       1.0000000000000000e+00
   &FREQ [&Type "ArrayOfDoubles", &Dim (18,1)] "In cm^-1"
                                                         0

0                                      0.0000000000000000e+00
1                                      0.0000000000000000e+00
2                                      0.0000000000000000e+00
3                                      0.0000000000000000e+00
4                                      0.0000000000000000e+00
5                                      0.0000000000000000e+00
6                                      9.8203489565783144e+01
7                                      9.8837345476424304e+01
8                                      1.3743859139458132e+02
9                                      3.5661700678488694e+02
10                                     8.3094110247726792e+02
11                                     8.3103750083287719e+02
12                                     1.1415499020489453e+03
13                                     1.4024942261922463e+03
14                                     1.4026137036705900e+03
15                                     3.1348536438906854e+03
16                                     3.2869051717865327e+03
17                                     3.2871325188596338e+03
   &ZPE [&Type "Double"]       3.6470329452659940e-02
   &INNERENERGYU [&Type "Double"]      -3.0735913705795783e+03
   &ENTHALPYH [&Type "Double"]      -3.0735901038225202e+03
   &QEL [&Type "Double"]       0.0000000000000000e+00
   &QROT [&Type "Double"]       1.6834583370365554e-02
   &QVIB [&Type "Double"]       8.4533465166243670e-03
   &QTRANS [&Type "Double"]       2.6752578072452092e-02
   &ENTROPYS [&Type "Double"]       5.2040507959442012e-02
   &FREEENERGYG [&Type "Double"]      -3.0736421443304798e+03
   &ISLINEAR [&Type "Boolean"] false
$End
$THERMOCHEMISTRY_Energies
   &GeometryIndex 1
   &ListStatus       IN
   &TEMPERATURE [&Type "Double"]       6.0000000000000000e+02
   &PRESSURE [&Type "Double"]       1.0000000000000000e+00
   &TOTALMASS [&Type "Double"]       1.3038800000000001e+02
   &SPINDEGENERACY [&Type "Integer"] 1
   &ELENERGY [&Type "Double"]      -3.0736359267269368e+03
   &TRANSENERGY [&Type "Double"]       2.8501185802166334e-03
   &ROTENERGY [&Type "Double"]       2.8501185802166334e-03
   &VIBENERGY [&Type "Double"]       8.2082797886525831e-03
   &NUMOFFREQS [&Type "Integer"] 18
   &FREQSCALINGFACTOR [&Type "Double"]       1.0000000000000000e+00
   &FREQ [&Type "ArrayOfDoubles", &Dim (18,1)] "In cm^-1"
                                                         0

0                                      0.0000000000000000e+00
1                                      0.0000000000000000e+00
2                                      0.0000000000000000e+00
3                                      0.0000000000000000e+00
4                                      0.0000000000000000e+00
5                                      0.0000000000000000e+00
6                                      9.8203489565783144e+01
7                                      9.8837345476424304e+01
8                                      1.3743859139458132e+02
9                                      3.5661700678488694e+02
10                                     8.3094110247726792e+02
11                                     8.3103750083287719e+02
12                                     1.1415499020489453e+03
13                                     1.4024942261922463e+03
14                                     1.4026137036705900e+03
15                                     3.1348536438906854e+03
16                                     3.2869051717865327e+03
17                                     3.2871325188596338e+03
   &ZPE [&Type "Double"]       3.6470329452659940e-02
   &INNERENERGYU [&Type "Double"]      -3.0735855478805352e+03
   &ENTHALPYH [&Type "Double"]      -3.0735836477449479e+03
   &QEL [&Type "Double"]       0.0000000000000000e+00
   &QROT [&Type "Double"]       2.6407498693796962e-02
   &QVIB [&Type "Double"]       1.6940045927184302e-02
   &QTRANS [&Type "Double"]       4.2054906505759188e-02
   &ENTROPYS [&Type "Double"]       8.5402451126740456e-02
   &FREEENERGYG [&Type "Double"]      -3.0736690501960747e+03
   &ISLINEAR [&Type "Boolean"] false
$End
$THERMOCHEMISTRY_Energies
   &GeometryIndex 1
   &ListStatus       IN
   &TEMPERATURE [&Type "Double"]       8.0000000000000000e+02
   &PRESSURE [&Type "Double"]       1.0000000000000000e+00
   &TOTALMASS [&Type "Double"]       1.3038800000000001e+02
   &SPINDEGENERACY [&Type "Integer"] 1
   &ELENERGY [&Type "Double"]      -3.0736359267269368e+03
   &TRANSENERGY [&Type "Double"]       3.8001581069555109e-03
   &ROTENERGY [&Type "Double"]       3.8001581069555109e-03
   &VIBENERGY [&Type "Double"]       1.2876219951874726e-02
   &NUMOFFREQS [&Type "Integer"] 18
   &FREQSCALINGFACTOR [&Type "Double"]       1.0000000000000000e+00
   &FREQ [&Type "ArrayOfDoubles", &Dim (18,1)] "In cm^-1"
                                                         0

0                                      0.0000000000000000e+00
1                                      0.0000000000000000e+00
2                                      0.0000000000000000e+00
3                                      0.0000000000000000e+00
4                                      0.0000000000000000e+00
5                                      0.0000000000000000e+00
6                                      9.8203489565783144e+01
7                                      9.8837345476424304e+01
8                                      1.3743859139458132e+02
9                                      3.5661700678488694e+02
10                                     8.3094110247726792e+02
11                                     8.3103750083287719e+02
12                                     1.1415499020489453e+03
13                                     1.4024942261922463e+03
14                                     1.4026137036705900e+03
15                                     3.1348536438906854e+03
16                                     3.2869051717865327e+03
17                                     3.2871325188596338e+03
   &ZPE [&Type "Double"]       3.6470329452659940e-02
   &INNERENERGYU [&Type "Double"]      -3.0735789798613182e+03
   &ENTHALPYH [&Type "Double"]      -3.0735764463472019e+03
   &QEL [&Type "Double"]       0.0000000000000000e+00
   &QROT [&Type "Double"]       3.6303235618249344e-02
   &QVIB [&Type "Double"]       2.7487241106279432e-02
   &QTRANS [&Type "Double"]       5.7895270940767900e-02
   &ENTROPYS [&Type "Double"]       1.2168574766529666e-01
   &FREEENERGYG [&Type "Double"]      -3.0736981320948671e+03
   &ISLINEAR [&Type "Boolean"] false
$End
$THERMOCHEMISTRY_Energies
   &GeometryIndex 1
   &ListStatus       LAST
   &TEMPERATURE [&Type "Double"]       1.0000000000000000e+03
   &PRESSURE [&Type "Double"]       1.0000000000000000e+00
   &TOTALMASS [&Type "Double"]       1.3038800000000001e+02
   &SPINDEGENERACY [&Type "Integer"] 1
   &ELENERGY [&Type "Double"]      -3.0736359267269368e+03
   &TRANSENERGY [&Type "Double"]       4.7501976336943889e-03
   &ROTENERGY [&Type "Double"]       4.7501976336943889e-03
   &VIBENERGY [&Type "Double"]       1.8101138281959698e-02
   &NUMOFFREQS [&Type "Integer"] 18
   &FREQSCALINGFACTOR [&Type "Double"]       1.0000000000000000e+00
   &FREQ [&Type "ArrayOfDoubles", &Dim (18,1)] "In cm^-1"
                                                         0

0                                      0.0000000000000000e+00
1                                      0.0000000000000000e+00
2                                      0.0000000000000000e+00
3                                      0.0000000000000000e+00
4                                      0.0000000000000000e+00
5                                      0.0000000000000000e+00
6                                      9.8203489565783144e+01
7                                      9.8837345476424304e+01
8                                      1.3743859139458132e+02
9                                      3.5661700678488694e+02
10                                     8.3094110247726792e+02
11                                     8.3103750083287719e+02
12                                     1.1415499020489453e+03
13                                     1.4024942261922463e+03
14                                     1.4026137036705900e+03
15                                     3.1348536438906854e+03
16                                     3.2869051717865327e+03
17                                     3.2871325188596338e+03
   &ZPE [&Type "Double"]       3.6470329452659940e-02
   &INNERENERGYU [&Type "Double"]      -3.0735718548639347e+03
   &ENTHALPYH [&Type "Double"]      -3.0735686879712894e+03
   &QEL [&Type "Double"]       0.0000000000000000e+00
   &QROT [&Type "Double"]       4.6439020492238602e-02
   &QVIB [&Type "Double"]       3.9736985920217592e-02
   &QTRANS [&Type "Double"]       7.4135715291671414e-02
   &ENTROPYS [&Type "Double"]       1.6031172170412761e-01
   &FREEENERGYG [&Type "Double"]      -3.0737289996929935e+03
   &ISLINEAR [&Type "Boolean"] false
$End
$Hessian
   &GeometryIndex 1
   &ListStatus       OUT
   &HESSIAN [&Type "ArrayOfDoubles", &Dim (18,18)] "The Hessian"
                                                         0                           1                           2                           3                           4                           5                           6                           7

0                                      5.1264021845757757e-01         1.7266275918234050e-01         4.8427989240601599e-02        -3.4330327933171306e-01        -4.9635884017623963e-02        -4.7360626873148251e-02        -2.5281050210136817e-02         5.7168104917200424e-04
1                                      1.7266275918234050e-01         2.6721155101900940e-01        -9.3774856712765586e-02        -5.5659422924661077e-02        -3.1674565640801851e-02        -7.6921779325057980e-04         5.9993159502316068e-04        -2.6272223653157512e-02
2                                      4.8427989240601599e-02        -9.3774856712765586e-02         5.7541485730435671e-01        -4.9390158855805208e-02        -1.4759679926265677e-04        -5.1919579447229171e-02         2.0643253532603989e-04        -3.8133761903682770e-04
3                                     -3.4330327933171306e-01        -5.5659422924661077e-02        -4.9390158855805208e-02         3.5399716743481036e-01         5.0599537329099623e-02         4.9180293274242434e-02        -1.0717105204135591e-04         1.7830134795665878e-03
4                                     -4.9635884017623963e-02        -3.1674565640801851e-02        -1.4759679926265677e-04         5.0599537329099623e-02         4.3470588301828296e-02         5.4263343675745980e-03         2.0059566165635642e-02        -1.0584959330974905e-02
5                                     -4.7360626873148251e-02        -7.6921779325057980e-04        -5.1919579447229171e-02         4.9180293274242434e-02         5.4263343675745980e-03         4.9972384014103852e-02         6.7158199116263582e-03        -3.2867509924165150e-03
6                                     -2.5281050210136817e-02         5.9993159502316068e-04         2.0643253532603989e-04        -1.0717105204135591e-04         2.0059566165635642e-02         6.7158199116263582e-03         2.9408743219328674e-02        -3.1477593120033898e-02
7                                      5.7168104917200424e-04        -2.6272223653157512e-02        -3.8133761903682770e-04         1.7830134795665878e-03        -1.0584959330974905e-02        -3.2867509924165150e-03        -3.1477593120033898e-02         7.4289830942469534e-02
8                                      1.8624774715872427e-04        -3.4465811262901838e-04        -2.5068361023202521e-02         6.0516972668103654e-04        -1.4114757014346772e-03        -5.9239818278919963e-04        -8.8708484552201261e-03         1.7168915639823874e-02
9                                     -8.7138090071019900e-02        -9.2346739538325895e-02         6.9487996811579869e-02        -7.0194718872489481e-03        -1.8895174961553900e-02         1.7849382433116550e-02        -4.8759508256950284e-04         1.4444379573263831e-02
10                                    -9.6569162143943732e-02        -1.7839506198154781e-01         1.4123364739606367e-01         7.8881019897894533e-04        -3.8060176581523669e-04         2.8405786751670601e-03         1.5344943066892894e-03        -1.3979171899316363e-02
11                                     7.0665233078354733e-02         1.3663199235462578e-01        -1.6136160266123775e-01        -3.9305456059016940e-03        -3.7905681165129722e-03         4.7895856020874275e-03        -1.1354231466764817e-04        -1.1801529838677001e-02
12                                    -5.6400885973675888e-02        -2.1694330932836306e-02        -6.7747276347645852e-02        -2.9316153098029700e-03        -4.0671675965372363e-03        -2.7092011731524597e-02        -1.9375093011931481e-03         8.3911732818052233e-03
13                                    -2.3481791555474040e-02        -3.5345444241681991e-02        -4.8869799797908425e-02        -4.0920306873110362e-04         1.3651868809512178e-03        -4.2248311467122223e-03         3.0342711927389332e-03        -1.3010181732732832e-02
14                                    -7.0947857224882102e-02        -4.3596718345885008e-02        -3.3522637304158853e-01         2.4963147913199812e-03         7.1853148048287366e-06        -9.9993686080007953e-04         3.2888882973939985e-04         1.6557030677439646e-03
15                                    -5.1691287103178708e-04        -3.5829780627554576e-03        -9.9217649038563444e-04        -6.3562985400405559e-04         1.9304341620734562e-03         7.1353869811645819e-04        -1.5954175733878483e-03         6.2939616063993767e-03
16                                    -3.5268218332557087e-03         4.4757444981797893e-03         1.9131466030916384e-03         2.9059539046534140e-03        -2.1956484451875172e-03         9.2715885976895631e-06         6.2427139897737339e-03        -1.0443294326287924e-02
17                                    -9.6379286175551568e-04         1.8802555397226042e-03        -1.8389411310987813e-03         1.0325309570344979e-03        -7.9263764129150569e-05        -1.2500551253728271e-03         1.7305458439945678e-03        -3.3565739130431548e-03
                                                         8                           9                          10                          11                          12                          13                          14                          15

0                                      1.8624774715872427e-04        -8.7138090071019900e-02        -9.6569162143943732e-02         7.0665233078354733e-02        -5.6400885973675888e-02        -2.3481791555474040e-02        -7.0947857224882102e-02        -5.1691287103178708e-04
1                                     -3.4465811262901838e-04        -9.2346739538325895e-02        -1.7839506198154781e-01         1.3663199235462578e-01        -2.1694330932836306e-02        -3.5345444241681991e-02        -4.3596718345885008e-02        -3.5829780627554576e-03
2                                     -2.5068361023202521e-02         6.9487996811579869e-02         1.4123364739606367e-01        -1.6136160266123775e-01        -6.7747276347645852e-02        -4.8869799797908425e-02        -3.3522637304158853e-01        -9.9217649038563444e-04
3                                      6.0516972668103654e-04        -7.0194718872489481e-03         7.8881019897894533e-04        -3.9305456059016940e-03        -2.9316153098029700e-03        -4.0920306873110362e-04         2.4963147913199812e-03        -6.3562985400405559e-04
4                                     -1.4114757014346772e-03        -1.8895174961553900e-02        -3.8060176581523669e-04        -3.7905681165129722e-03        -4.0671675965372363e-03         1.3651868809512178e-03         7.1853148048287366e-06         1.9304341620734562e-03
5                                     -5.9239818278919963e-04         1.7849382433116550e-02         2.8405786751670601e-03         4.7895856020874275e-03        -2.7092011731524597e-02        -4.2248311467122223e-03        -9.9993686080007953e-04         7.1353869811645819e-04
6                                     -8.8708484552201261e-03        -4.8759508256950284e-04         1.5344943066892894e-03        -1.1354231466764817e-04        -1.9375093011931481e-03         3.0342711927389332e-03         3.2888882973939985e-04        -1.5954175733878483e-03
7                                      1.7168915639823874e-02         1.4444379573263831e-02        -1.3979171899316363e-02        -1.1801529838677001e-02         8.3911732818052233e-03        -1.3010181732732832e-02         1.6557030677439646e-03         6.2939616063993767e-03
8                                      1.7967567832124793e-02        -3.6834889001290580e-03         2.1589202162006459e-03         3.2110159644103626e-03         1.0007289482734556e-02        -1.4187300468264384e-02         3.7755035377434556e-03         1.7583340479762723e-03
9                                     -3.6834889001290580e-03         9.0804337911635141e-02         9.1038844964853413e-02        -7.7117582439849924e-02         4.5207965911366133e-03         4.7356808135828529e-03        -5.5455024982625466e-03        -6.7997746193340864e-04
10                                     2.1589202162006459e-03         9.1038844964853413e-02         1.9106661262544858e-01        -1.3978545909535334e-01         1.5279779532530770e-03         5.1339022073673812e-03        -5.2162838121131844e-03         1.6942302134983350e-03
11                                     3.2110159644103626e-03        -7.7117582439849924e-02        -1.3978545909535334e-01         1.6553925737791850e-01         1.1662066459286927e-02         1.9256188266944585e-02        -1.2243469005715726e-02        -1.1669586578234772e-03
12                                     1.0007289482734556e-02         4.5207965911366133e-03         1.5279779532530770e-03         1.1662066459286927e-02         5.7926742162345612e-02         1.5422957610656781e-02         7.2007931818850290e-02        -1.1775281688102153e-03
13                                    -1.4187300468264384e-02         4.7356808135828529e-03         5.1339022073673812e-03         1.9256188266944585e-02         1.5422957610656781e-02         4.4894618166433031e-02         4.9016532981426490e-02         6.9520805869205567e-04
14                                     3.7755035377434556e-03        -5.5455024982625466e-03        -5.2162838121131844e-03        -1.2243469005715726e-02         7.2007931818850290e-02         4.9016532981426490e-02         3.4441580947194572e-01         1.6622465129787420e-03
15                                     1.7583340479762723e-03        -6.7997746193340864e-04         1.6942302134983350e-03        -1.1669586578234772e-03        -1.1775281688102153e-03         6.9520805869205567e-04         1.6622465129787420e-03         4.6054659291673147e-03
16                                    -3.3828279180907837e-03         1.0078136548503753e-03        -3.4456791861365481e-03        -5.0345664441851790e-04         4.2226663219298131e-04        -3.0380812803368074e-03        -1.8483675442529535e-03        -7.0413911630612808e-03
17                                     7.0667187171310998e-04        -9.8947592585379757e-04        -1.2385703065734078e-03         6.5212722537202200e-05         1.1599780885549079e-03        -1.0088414972101777e-03         2.7846589841512906e-04        -1.9723851064185104e-03
                                                        16                          17

0                                     -3.5268218332557087e-03        -9.6379286175551568e-04
1                                      4.4757444981797893e-03         1.8802555397226042e-03
2                                      1.9131466030916384e-03        -1.8389411310987813e-03
3                                      2.9059539046534140e-03         1.0325309570344979e-03
4                                     -2.1956484451875172e-03        -7.9263764129150569e-05
5                                      9.2715885976895631e-06        -1.2500551253728271e-03
6                                      6.2427139897737339e-03         1.7305458439945678e-03
7                                     -1.0443294326287924e-02        -3.3565739130431548e-03
8                                     -3.3828279180907837e-03         7.0667187171310998e-04
9                                      1.0078136548503753e-03        -9.8947592585379757e-04
10                                    -3.4456791861365481e-03        -1.2385703065734078e-03
11                                    -5.0345664441851790e-04         6.5212722537202200e-05
12                                     4.2226663219298131e-04         1.1599780885549079e-03
13                                    -3.0380812803368074e-03        -1.0088414972101777e-03
14                                    -1.8483675442529535e-03         2.7846589841512906e-04
